p\1508929587168.jpg 1 0 1 71 63
p\1508929590023.jpg 1 1 1 37 88
p\1508929592428.jpg 1 1 7 49 87
p\1508929594643.jpg 1 3 8 56 85
p\1508929596962.jpg 1 2 12 45 66
p\1508929599318.jpg 1 1 12 40 55
p\1508929600835.jpg 1 5 7 41 79
p\1508929602437.jpg 1 1 6 51 92
p\1508929633401.jpg 1 3 9 33 77
p\1508929635838.jpg 1 3 9 39 72
p\1508929637910.jpg 1 3 2 46 78
p\1508929639562.jpg 1 3 9 42 80
p\1508929641908.jpg 0
p\1508929644231.jpg 0
p\1508929645898.jpg 0
p\1508929648077.jpg 0
p\1508929653270.jpg 0
p\1508929655564.jpg 1 5 2 44 54
p\1508929657698.jpg 1 3 9 53 75
p\1508929660960.jpg 1 7 12 56 74
p\1508929662229.jpg 1 5 8 56 72
p\1508929664292.jpg 1 9 3 52 56
p\1508929667926.jpg 1 1 20 40 78
p\1508929669223.jpg 0
p\1508929671333.jpg 1 8 6 61 113
p\1508929672942.jpg 1 4 5 51 113
p\1508929675465.jpg 1 4 11 41 105
p\1508929677814.jpg 1 4 13 49 112
p\1508929679750.jpg 1 10 15 43 83
p\1508929682013.jpg 1 7 9 43 85
p\1508929684913.jpg 0
p\1508929687869.jpg 0
p\1508929690759.jpg 1 1 8 53 71
p\1508929692529.jpg 1 4 14 55 62
p\1508929694781.jpg 1 5 5 57 91
p\1508929696269.jpg 1 1 4 62 92
p\1508929698115.jpg 1 1 5 74 88
p\1508929700211.jpg 1 9 5 66 88
p\1508929702911.jpg 1 9 5 46 48
p\1508929705214.jpg 0
p\1508929707418.jpg 1 6 3 52 35
p\1508929710422.jpg 1 9 10 54 47
p\1508929714947.jpg 1 3 7 36 67
p\1508929717057.jpg 1 6 1 37 73
p\1508929719528.jpg 0
p\1508929721360.jpg 0
p\1508929722984.jpg 0
p\1508929726445.jpg 0
p\1508929728079.jpg 0
p\1508929729696.jpg 1 7 2 35 64
p\1508929740435.jpg 1 4 5 210 58
p\1508929742120.jpg 1 1 6 151 65
p\1508929744963.jpg 1 6 9 249 57
p\1508929748409.jpg 1 1 11 212 46
p\1508929750915.jpg 1 20 3 247 51
p\1508929753487.jpg 1 2 8 140 46
p\1508929755059.jpg 1 2 1 149 52
p\1508929758215.jpg 1 6 11 126 43
p\1508929760128.jpg 1 5 7 127 47
p\1508929762165.jpg 1 5 7 146 72
p\1508929765568.jpg 1 7 5 182 35
p\1508929768829.jpg 1 1 9 60 92
p\1508929770794.jpg 0
p\1508929772850.jpg 1 4 17 51 111
p\1508929775781.jpg 1 2 1 53 127
p\1508929778291.jpg 1 2 1 62 104
p\1508929780407.jpg 1 7 13 27 109
p\1508929782097.jpg 1 8 10 24 88
p\1508929784093.jpg 1 5 11 30 90
p\1508929786549.jpg 1 4 11 47 91
p\1508929788139.jpg 1 5 9 42 83
p\1508929789901.jpg 1 4 14 44 101
p\1508929792708.jpg 1 4 8 68 49
p\1508929794137.jpg 1 5 3 54 50
p\1508929795532.jpg 1 7 11 84 70
p\1508929797255.jpg 1 5 5 84 78
p\1508929799183.jpg 1 3 9 95 66
p\1508929800758.jpg 1 3 1 104 78
p\1508929802579.jpg 1 3 6 64 81
p\1508929804778.jpg 1 6 8 90 51
p\1508929810765.jpg 1 7 7 106 82
p\1508929816191.jpg 1 11 4 108 59
p\1508929818084.jpg 1 4 10 56 60
p\1508929819709.jpg 1 7 12 61 69
p\1508929821269.jpg 2 11 8 57 73 11 8 59 101
p\1508929824352.jpg 1 2 5 129 57
p\1508929825996.jpg 1 12 5 104 45
p\1508929827832.jpg 1 6 5 132 59
p\1508929831550.jpg 1 7 6 39 69
p\1508929832880.jpg 1 3 13 39 71
p\1508929834567.jpg 1 6 13 40 61
p\1508929836584.jpg 1 2 11 48 66
p\1508929838204.jpg 1 4 4 58 76
p\1508929840816.jpg 1 2 4 67 101
p\1508929842857.jpg 1 17 8 46 94
p\1508929844402.jpg 1 2 7 49 103
p\1508929848027.jpg 1 7 5 60 107
p\1508929849531.jpg 1 7 5 48 52
p\1508929851956.jpg 0
p\1508929854653.jpg 0
p\1508929858714.jpg 0
p\1508929860820.jpg 0
p\1508929862977.jpg 1 3 5 42 44
p\1508929865179.jpg 1 3 8 37 37
p\1508929867087.jpg 1 4 5 35 40
p\1508929868728.jpg 0
p\1508929870883.jpg 0
p\1508929873048.jpg 0
p\1508929875784.jpg 1 3 3 39 45
p\1508929877715.jpg 0
p\1508929879609.jpg 0
p\1508929883006.jpg 0
p\1508929901582.jpg 0
p\1508929903746.jpg 0
p\1508929905765.jpg 0
p\1508929908368.jpg 0
p\1508929910280.jpg 0
p\1508929911626.jpg 0
p\1508929913257.jpg 0
p\1508929915103.jpg 0
p\1508929918735.jpg 0
p\1508929921661.jpg 0
p\1508929923972.jpg 0
p\1508929925867.jpg 0
p\1508929927626.jpg 0
p\1508929929233.jpg 0
p\1508929931193.jpg 0
p\1508929933611.jpg 0
p\1508929935467.jpg 0
p\1508929937526.jpg 0
p\1508929939722.jpg 0
p\1508929945036.jpg 0
p\1508929947005.jpg 0
p\1508929949026.jpg 0
p\1508929951536.jpg 0
p\1508929954543.jpg 0
p\1508929956516.jpg 1 0 5 57 72
p\1508929959454.jpg 0
p\1508929961209.jpg 0
p\1508929963263.jpg 0
p\1508929964753.jpg 0
p\1508929966359.jpg 0
p\1508929971430.jpg 0
p\1508929972873.jpg 0
p\1508929975202.jpg 0
p\1508929977924.jpg 0
p\1508929979936.jpg 0
p\1508929981896.jpg 0
p\1508929983997.jpg 0
p\1508929990659.jpg 0
p\1508929996302.jpg 0
p\1508929999211.jpg 0
p\1508930001114.jpg 1 4 11 104 51
p\1508930002766.jpg 1 7 8 107 49
p\1508930005370.jpg 1 3 17 109 68
p\1508930007532.jpg 1 6 6 121 75
p\1508930010295.jpg 1 13 9 138 65
p\1508930016159.jpg 1 12 5 140 102
p\1508930018501.jpg 1 14 12 161 92
p\1508930029650.jpg 1 7 9 215 146
p\1508930034122.jpg 1 8 10 182 151
p\1508930035824.jpg 1 7 8 154 149
p\1508930060951.jpg 1 6 6 147 163
p\1508930063214.jpg 1 7 18 146 147
p\1508930065405.jpg 1 3 5 155 148
p\1508930067615.jpg 1 5 7 149 150
p\1508930070124.jpg 1 5 8 146 157
p\1508930072997.jpg 1 3 11 159 137
p\1508930080035.jpg 1 0 8 39 81
p\1508930081820.jpg 2 46 83 3 2 12 5 37 80
p\1508930085845.jpg 1 5 8 46 77
p\1508930087762.jpg 1 6 12 45 73
p\1508930089051.jpg 1 6 13 49 76
p\1508930090675.jpg 1 3 9 43 48
p\1508930092924.jpg 1 10 0 43 52
p\1508930094912.jpg 1 3 5 46 52
p\1508930096595.jpg 1 0 7 50 47
p\1508930104021.jpg 1 0 9 52 105
p\1508930106694.jpg 1 4 6 56 106
p\1508930108209.jpg 1 4 9 55 109
p\1508930109917.jpg 1 1 10 62 113
p\1508930112022.jpg 1 4 8 67 124
p\1508930114106.jpg 1 4 5 66 46
p\1508930115891.jpg 1 2 3 62 133
p\1508930119465.jpg 1 2 5 127 90
p\1508930121434.jpg 1 3 5 109 79
p\1508930123087.jpg 1 3 2 97 74
p\1508930124869.jpg 1 1 4 62 73
p\1508930126457.jpg 1 7 6 65 76
p\1508930129749.jpg 1 1 3 66 83
p\1508930137342.jpg 1 3 5 27 54
p\1508930139273.jpg 1 3 8 38 62
p\1508930144309.jpg 1 7 7 36 52
p\1508930148760.jpg 1 7 5 72 64
p\1508930150283.jpg 0
p\1508930152713.jpg 1 9 6 83 73
p\1508930154761.jpg 1 11 5 74 60
p\1508930156970.jpg 1 3 5 63 121
p\1508930158964.jpg 1 4 5 64 136
p\1508930161196.jpg 1 8 8 58 108
p\1508930173727.jpg 1 8 12 82 121
p\1508930177982.jpg 1 7 14 90 136
p\1508930181014.jpg 1 4 16 107 137
p\1508930188448.jpg 1 15 11 46 67
p\1508930191085.jpg 0
p\1508930194119.jpg 0
p\1508930196651.jpg 0
p\1508930201592.jpg 0
p\1508930203474.jpg 0
p\1508930205521.jpg 0
p\1508930207595.jpg 1 7 7 39 114
p\1508930209935.jpg 1 3 8 32 120
p\1508930211665.jpg 1 5 5 54 110
p\1508930214487.jpg 1 6 11 77 85
p\1508930216522.jpg 1 8 6 75 83
p\1508930219634.jpg 1 2 4 66 77
p\1508930221801.jpg 1 8 12 61 60
p\1508930223789.jpg 1 11 8 116 74
p\1508930225519.jpg 1 1 6 49 80
p\1508930227337.jpg 1 4 7 48 67
p\1508930231885.jpg 1 6 8 132 173
p\1508930242292.jpg 1 4 5 226 227
p\1508930255104.jpg 1 7 9 105 104
p\1508930270960.jpg 1 3 18 132 102
p\1508930274772.jpg 1 14 17 87 123
p\1508930278012.jpg 1 12 5 129 146
p\1508930280007.jpg 1 19 8 91 77
p\1508930295077.jpg 1 12 5 63 102
p\1508930296795.jpg 1 9 6 64 95
p\1508930298613.jpg 1 3 8 64 74
p\1508930300313.jpg 1 3 7 53 80
p\1508930302038.jpg 1 0 4 61 76
p\1508930304252.jpg 1 4 4 86 88
