33
11 529 92 661
139 531 200 657
283 544 384 658
277 318 324 421
347 321 387 420
452 319 509 417
525 325 572 421
447 167 480 240
499 168 544 238
343 168 388 245
286 169 332 241
94 204 148 285
8 209 71 278
63 352 127 444
38 89 104 150
128 91 163 146
70 10 108 52
151 11 172 53
297 47 335 101
344 46 384 104
436 45 477 102
487 45 529 105
633 99 686 155
713 101 768 162
661 216 717 289
751 213 810 294
698 359 771 446
801 364 873 453
755 533 834 660
860 538 940 656
642 536 716 661
612 21 648 57
688 15 731 64
