36
7 298 43 345
96 293 137 345
197 300 237 348
192 191 236 242
102 196 149 240
9 200 55 237
18 102 68 150
24 17 69 57
105 102 152 149
111 13 155 57
197 97 236 144
198 2 253 55
322 105 369 146
330 197 368 245
334 301 380 347
334 413 385 458
416 409 472 460
417 298 451 343
404 197 452 246
401 101 440 147
397 12 436 55
326 17 367 56
472 17 512 52
478 97 528 149
486 198 531 242
495 297 541 350
572 294 621 350
656 298 711 344
560 197 608 249
641 200 695 241
634 102 672 145
551 105 596 149
544 16 577 55
619 18 656 56
675 406 743 466
589 405 639 464
