73
9 510 65 581
108 514 144 572
299 514 346 595
382 517 427 590
34 374 94 451
134 366 179 445
229 372 267 446
306 372 347 455
381 377 420 458
3 261 52 325
70 261 121 324
155 265 200 325
234 261 276 327
315 264 363 320
393 261 435 324
32 161 76 218
102 165 136 210
174 167 216 217
252 162 291 212
330 164 361 214
393 161 431 216
66 82 97 124
125 81 160 124
193 83 229 120
263 82 297 124
341 77 364 124
394 81 433 128
478 84 507 129
483 168 509 217
484 261 517 326
492 376 525 449
579 511 615 599
564 380 599 447
548 260 585 322
545 172 579 218
539 85 569 131
280 27 300 49
345 29 363 47
400 26 431 52
477 24 504 51
536 21 563 46
604 25 631 46
669 17 696 51
736 25 763 50
789 22 823 47
608 81 643 125
672 82 715 130
745 84 796 124
805 85 848 129
619 172 654 216
692 166 736 219
759 169 809 222
829 170 880 222
631 265 672 327
708 270 752 325
789 265 833 317
853 265 904 321
634 377 692 443
664 512 712 601
754 510 804 599
840 509 900 599
730 381 776 447
815 377 866 451
886 376 940 445
992 381 1052 450
1071 381 1132 453
954 277 988 318
930 189 957 232
902 113 937 150
972 112 1006 147
997 189 1040 238
1037 283 1078 334
